function [xi,kappa] = argyris_gauss_quad_ref_deg_6(loc_c4n)
G = [0.24928674517091    0.24928674517091    0.11678627572638;...
    0.24928674517091    0.50142650965818    0.11678627572638;...
    0.50142650965818    0.24928674517091    0.11678627572638;...
    0.06308901449150    0.06308901449150    0.05084490637021;...
    0.06308901449150    0.87382197101700    0.05084490637021;...
    0.87382197101700    0.06308901449150    0.05084490637021;...
    0.31035245103378    0.63650249912140    0.08285107561837;...
    0.63650249912140    0.05314504984482    0.08285107561837;...
    0.05314504984482    0.31035245103378    0.08285107561837;...
    0.63650249912140    0.31035245103378    0.08285107561837;...
    0.31035245103378    0.05314504984482    0.08285107561837;...
    0.05314504984482    0.63650249912140    0.08285107561837];
Phi = [1-G(:,1)-G(:,2),G(:,1),G(:,2)];
xi = Phi*loc_c4n;
kappa = G(:,3)/2;